0.838005 -0.043239 0.543947 0.611199 0.088157 0.994488 -0.056762 93.389626 -0.538494 0.09552 0.837198 -0.615302 0.0 0.0 0.0 1.0 
0.998569 -0.050698 0.017021 1.7e-05 0.052506 0.98986 -0.131986 9.635217 -0.010157 0.132691 0.991105 -0.0 0.0 0.0 0.0 1.0 
-0.977133 0.212528 0.006602 10.932856 -0.189321 -0.883731 0.427991 -7.228072 0.096795 0.416954 0.903759 -0.32185 0.0 0.0 0.0 1.0 
-0.846942 -0.530312 -0.038197 -10.932805 0.318934 -0.56421 0.761543 -7.227932 -0.425407 0.6328 0.646987 -0.321849 0.0 0.0 0.0 1.0 
0.997638 0.004646 0.068535 0.0 0.012822 0.967582 -0.252232 9.766476 -0.067485 0.252515 0.965237 0.0 0.0 0.0 0.0 1.0 
0.991752 -0.106448 0.071396 0.0 -0.000251 0.555412 0.831575 42.863998 -0.128174 -0.824734 0.550804 -0.0 0.0 0.0 0.0 1.0 
0.992144 0.061352 -0.109021 0.0 0.028129 0.739755 0.672288 42.864178 0.121895 -0.670073 0.732218 0.0 0.0 0.0 0.0 1.0 
0.997678 0.021959 0.064466 -0.0 -0.004953 0.96748 -0.252899 9.815218 -0.067923 0.251993 0.965342 0.0 0.0 0.0 0.0 1.0 
0.953364 0.279125 -0.114831 1e-06 -0.110596 -0.030929 -0.993384 49.118999 -0.28083 0.959757 0.001383 0.0 0.0 0.0 0.0 1.0 
0.959041 -0.08111 0.271408 0.0 0.256883 0.652825 -0.712623 49.118935 -0.119381 0.753154 0.646921 0.0 0.0 0.0 0.0 1.0 
0.99366 0.093521 -0.062401 5.5e-05 -0.095585 0.99494 -0.030943 31.180176 0.059191 0.036712 0.997571 -6.470507 0.0 0.0 0.0 1.0 
0.223306 0.753103 0.618846 8.163674 0.086758 0.617002 -0.782165 27.405828 -0.97088 0.228352 0.072442 -9.892452 0.0 0.0 0.0 1.0 
-0.271734 -0.960281 0.063409 -8.16367 0.011632 -0.06916 -0.997538 27.406158 0.962302 -0.270327 0.029963 -9.892454 0.0 0.0 0.0 1.0 
0.996476 -0.010639 -0.083201 -0.0 -0.048077 0.740374 -0.670474 19.299999 0.068733 0.672111 0.737253 -0.0 0.0 0.0 0.0 1.0 
0.997466 0.002866 0.071089 0.0 0.039965 0.804081 -0.593175 19.299999 -0.058861 0.594512 0.801929 -0.0 0.0 0.0 0.0 1.0 
0.928838 0.230248 -0.290251 2.8e-05 -0.080822 0.890493 0.447762 15.371842 0.361563 -0.392439 0.845733 -0.0 0.0 0.0 0.0 1.0 
0.150372 -0.853854 -0.49832 0.0 0.676914 0.456289 -0.577571 15.851523 0.720539 -0.250469 0.646598 0.0 0.0 0.0 0.0 1.0 
0.322693 0.716737 0.618189 -0.0 -0.940159 0.318219 0.121814 15.851566 -0.109411 -0.620504 0.776533 -0.0 0.0 0.0 0.0 1.0 
1.0 -0.0 0.0 -0.0 -0.0 1.0 0.0 8.849962 0.0 -0.0 1.0 -0.0 0.0 0.0 0.0 1.0 
1.0 0.0 0.0 0.0 0.0 1.0 0.0 8.85 0.0 -0.0 1.0 0.0 0.0 0.0 0.0 1.0 
1.0 -0.0 0.0 3.3e-05 -0.0 1.0 0.0 18.538877 -0.0 0.0 1.0 -6.012993 0.0 0.0 0.0 1.0 
0.834111 -0.551597 -0.0 0.0 0.551597 0.834111 1e-06 32.883736 -0.0 -1e-06 1.0 -0.0 0.0 0.0 0.0 1.0 
0.914382 0.404852 0.0 -0.0 -0.404852 0.914382 0.0 32.883701 -0.0 -0.0 1.0 0.0 0.0 0.0 0.0 1.0 
0.991517 0.003605 -0.129927 0.0 -0.006407 0.999756 -0.021156 30.158199 0.129819 0.021809 0.991298 0.0 0.0 0.0 0.0 1.0 
0.996289 0.040948 0.075702 -0.0 -0.027879 0.985688 -0.166261 30.158199 -0.081427 0.163533 0.983172 0.0 0.0 0.0 0.0 1.0 
0.598183 -0.776517 0.197985 -4.918414 0.786378 0.616352 0.041472 5.220705 -0.154232 0.130883 0.979327 2.164088 0.0 0.0 0.0 1.0 
0.9996 0.0281 -0.003318 -3.264513 -0.0281 0.972108 -0.232843 13.490636 -0.003318 0.232843 0.972509 0.379619 0.0 0.0 0.0 1.0 
0.999361 0.035345 -0.005294 -8e-06 -0.035345 0.955498 -0.292874 13.592451 -0.005294 0.292874 0.956137 1e-05 0.0 0.0 0.0 1.0 
0.998669 0.050379 -0.011026 3.073179 -0.050379 0.907305 -0.417444 12.93684 -0.011026 0.417444 0.908636 0.03979 0.0 0.0 0.0 1.0 
0.989191 0.144576 -0.024467 5.659078 -0.129642 0.784351 -0.606619 11.531672 -0.068512 0.603234 0.794616 0.354434 0.0 0.0 0.0 1.0 
0.639835 0.749549 -0.169672 4.918413 -0.75313 0.655507 0.055732 5.220706 0.152995 0.092126 0.983923 2.164 0.0 0.0 0.0 1.0 
0.999674 -0.025402 0.002676 3.264512 0.025402 0.977732 -0.208315 13.491004 0.002676 0.208315 0.978058 0.38 0.0 0.0 0.0 1.0 
0.999261 -0.037963 0.006062 2e-06 0.037963 0.949545 -0.311326 13.592 0.006062 0.311326 0.950284 0.0 0.0 0.0 0.0 1.0 
0.998185 -0.058356 0.014885 -3.073227 0.058356 0.876115 -0.478557 12.936896 0.014886 0.478557 0.87793 0.04 0.0 0.0 0.0 1.0 
0.995552 -0.086863 0.036472 -5.659125 0.086862 0.696459 -0.71232 11.531693 0.036472 0.71232 0.700906 0.354 0.0 0.0 0.0 1.0 
0.922461 0.385319 -0.024385 0.0 -0.385444 0.922731 -0.000435 2.420229 0.022333 0.0098 0.999703 0.0 0.0 0.0 0.0 1.0 
0.9996 0.028101 -0.003318 0.0 -0.028101 0.972108 -0.232843 2.599226 -0.003318 0.232843 0.972509 -0.0 0.0 0.0 0.0 1.0 
0.999099 0.041783 -0.007468 0.0 -0.041783 0.937223 -0.346219 2.64858 -0.007467 0.346219 0.938124 0.0 0.0 0.0 0.0 1.0 
0.998136 0.059049 -0.015449 0.0 -0.059049 0.870127 -0.489277 2.705526 -0.015449 0.489277 0.871991 -0.0 0.0 0.0 0.0 1.0 
0.999663 0.018482 0.018255 0.0 -0.003155 0.783903 -0.620875 2.643086 -0.025785 0.620608 0.783697 -0.0 0.0 0.0 0.0 1.0 
0.93861 -0.33322 0.089308 0.0 0.340244 0.936916 -0.080143 2.420081 -0.056969 0.105609 0.992775 -0.0 0.0 0.0 0.0 1.0 
0.999674 -0.025403 0.002676 0.0 0.025403 0.977732 -0.208315 2.599 0.002676 0.208315 0.978058 -0.0 0.0 0.0 0.0 1.0 
0.998961 -0.044768 0.008519 0.0 0.044768 0.929097 -0.367116 2.649 0.00852 0.367116 0.930136 0.0 0.0 0.0 0.0 1.0 
0.997462 -0.068086 0.02081 0.0 0.068086 0.826815 -0.558337 2.7051 0.020809 0.558337 0.829353 -0.0 0.0 0.0 0.0 1.0 
0.995552 -0.086863 0.036473 0.0 0.086863 0.696458 -0.712321 2.6433 0.036473 0.712321 0.700906 0.0 0.0 0.0 0.0 1.0 
0.999485 0.032072 0.000677 0.0 -0.032072 0.998596 0.04216 2.706026 0.000676 -0.04216 0.999111 -0.0 0.0 0.0 0.0 1.0 
0.9996 0.0281 -0.003318 0.0 -0.0281 0.972108 -0.232843 2.436171 -0.003318 0.232843 0.972509 0.0 0.0 0.0 0.0 1.0 
0.999047 0.042933 -0.007899 0.0 -0.042933 0.933597 -0.355743 3.529425 -0.007899 0.355743 0.93455 -0.0 0.0 0.0 0.0 1.0 
0.998026 0.060632 -0.016355 0.0 -0.060632 0.862507 -0.5024 2.078025 -0.016355 0.5024 0.864481 -0.0 0.0 0.0 0.0 1.0 
0.99693 0.074054 -0.025441 0.0 -0.074054 0.786126 -0.613614 2.080805 -0.025441 0.613614 0.789196 0.0 0.0 0.0 0.0 1.0 
0.999999 0.001371 3e-05 0.0 -0.001371 0.999081 0.042845 2.706412 2.9e-05 -0.042845 0.999082 -0.0 0.0 0.0 0.0 1.0 
0.999674 -0.025402 0.002676 0.0 0.025402 0.977732 -0.208315 2.436 0.002676 0.208315 0.978058 0.0 0.0 0.0 0.0 1.0 
0.998899 -0.046026 0.009025 0.0 0.046026 0.924891 -0.377436 3.529 0.009025 0.377436 0.925992 -0.0 0.0 0.0 0.0 1.0 
0.997315 -0.069845 0.02202 0.0 0.069845 0.816739 -0.572764 2.078 0.02202 0.572764 0.819424 -0.0 0.0 0.0 0.0 1.0 
0.995552 -0.086862 0.036472 0.0 0.086862 0.696459 -0.71232 2.081 0.036473 0.71232 0.700907 0.0 0.0 0.0 0.0 1.0 
1.0 0.0 0.0 0.0 -0.0 1.0 -0.0 3.239062 -0.0 0.0 1.0 -0.0 0.0 0.0 0.0 1.0 
1.0 0.0 0.0 0.0 -0.0 1.0 -0.0 3.129888 -0.0 -0.0 1.0 -0.0 0.0 0.0 0.0 1.0 
1.0 -0.0 0.0 0.0 0.0 1.0 0.0 2.576332 -0.0 -0.0 1.0 0.0 0.0 0.0 0.0 1.0 
1.0 -0.0 0.0 0.0 -0.0 1.0 0.0 3.107902 -0.0 0.0 1.0 -0.0 0.0 0.0 0.0 1.0 
1.0 -0.0 0.0 -0.0 -0.0 1.0 -0.0 1.72685 -0.0 -0.0 1.0 -0.0 0.0 0.0 0.0 1.0 
1.0 -0.0 0.0 0.0 0.0 1.0 -0.0 3.238831 -0.0 0.0 1.0 -0.0 0.0 0.0 0.0 1.0 
1.0 0.0 -0.0 -0.0 0.0 1.0 0.0 3.13 -0.0 -0.0 1.0 0.0 0.0 0.0 0.0 1.0 
1.0 -0.0 -0.0 -0.0 -0.0 1.0 -0.0 2.577 -0.0 -0.0 1.0 0.0 0.0 0.0 0.0 1.0 
1.0 0.0 0.0 0.0 0.0 1.0 -0.0 3.108 0.0 0.0 1.0 0.0 0.0 0.0 0.0 1.0 
1.0 0.0 0.0 0.0 0.0 1.0 0.0 1.726 0.0 0.0 1.0 -0.0 0.0 0.0 0.0 1.0 
